15
0.08458 0.03015 0.08757 0.00220 0.00011 0.00608 0.02363 0.02486 -0.02021 0.05773 -0.02653 -0.03785 0.02197 0.02636 0.00737 
0.02162 0.01623 -0.05631 0.06846 0.03402 -0.06016 0.01990 0.04474 0.03117 0.01870 0.06375 0.01496 0.02355 -0.00909 -0.07442 
0.01627 -0.09860 -0.05933 0.00511 0.08187 0.00365 -0.05248 0.00059 -0.06655 0.00625 -0.03445 0.03113 0.04155 -0.07481 0.02193 
0.01297 0.00580 0.00344 0.02224 0.07203 0.01751 -0.06275 0.00542 -0.03121 0.03415 0.08410 0.01224 0.06156 0.04124 -0.05122 
0.00412 -0.04230 0.10656 0.02731 0.04303 -0.00353 0.01301 0.00601 -0.02332 0.07938 -0.06407 0.00218 0.04443 0.02965 0.03694 
0.01989 -0.03449 0.02874 -0.01503 0.00539 0.02463 0.05218 0.00201 0.04645 -0.02119 0.03647 0.10300 -0.07157 0.02012 -0.01117 
-0.06173 -0.05528 0.05780 0.09878 0.07714 -0.02062 0.05413 0.08724 0.00376 -0.04833 0.06985 -0.01634 0.00001 0.00212 0.01016 
-0.00932 0.02485 0.03781 -0.00541 0.00179 0.01828 0.04954 0.00010 0.00115 0.05297 0.02484 0.08806 0.00866 0.00911 -0.06250 
0.02598 0.04696 -0.01269 -0.05257 0.07262 0.01249 0.00420 0.06858 -0.06596 0.02151 0.02177 0.02642 0.01127 -0.00418 0.02441 
0.06393 0.00968 -0.04403 0.00953 0.00546 0.06941 0.07259 0.00595 0.06744 0.02384 0.06752 0.00424 -0.05372 0.01041 0.06018 
0.01211 0.04026 0.06798 -0.00813 0.02832 0.01747 0.01323 -0.04255 -0.01135 0.03334 -0.03100 -0.06145 -0.00956 -0.07768 0.03478 
0.01852 0.06532 0.02409 0.06773 -0.03414 0.01132 0.02967 -0.00017 0.06073 0.03725 0.03767 0.06739 0.06781 0.00174 0.00740 
-0.11422 0.02819 0.00457 0.05789 0.01307 0.01044 0.03828 0.00262 -0.00624 -0.00169 -0.00181 0.02455 -0.12547 -0.11909 0.03957 
-0.00263 0.00771 0.06437 -0.01319 0.01141 -0.01086 0.03381 0.07282 -0.02261 -0.02515 0.00522 -0.02885 0.00836 0.02761 0.07081 
0.08274 0.05316 0.00548 0.01636 0.01124 0.00591 -0.02220 0.04318 0.01147 0.00994 -0.02149 -0.01881 0.00574 0.04815 0.02414 

0.90558 8.10036 7.26174 0.42146 8.21256 5.32519 2.56414 4.44488 0.67676 1.57885 0.54878 -0.98408 1.64716 5.48779 7.22666 